0.186478
0.894751
0.203852
0.150982
0.145144
0.136525
0.127568
0.900764
0.882526
0.186059
0.662819
0.280201
0.546785
0.426715
0.690104
0.626945
0.609043
0.677294
0.444026
0.371507
0.766113
0.322133
0.540854
0.669184
0.580016
0.576511
0.301861
0.249268
0.727398
0.696011
0.231698
0.792437
0.346926
0.339511
0.762467
0.425545
0.304886
0.794314
0.294041
0.343004
0.282979
0.182205
0.189884
0.130336
0.11652
0.914902
0.902591
0.154967
0.167012
0.864105
0.645348
0.735345
0.500182
0.535847
0.372891
0.250841
0.71588
0.683702
0.285351
0.253247
0.588315
0.296332
0.761543
0.447588
0.399365
0.539341
0.343807
0.272829
0.228983
0.191064
0.162988
0.143006
0.713212
0.878072
0.826906
0.726663
0.214101
0.811126
0.237554
0.49318
0.717119
0.352621
0.568632
0.456132
0.310494
0.217776
0.153892
0.139547
0.730791
0.901244
0.18554
0.214395
0.206196
0.8738
0.2085
0.845667
0.796229
0.396171
0.689197
0.560028
0.286486
0.0305781
1.22219
0.720763
0.307265
0.158287
0.106535
0.085168
0.82245
0.0813911
0.0867567
0.93766
0.100488
0.112414
0.105057
0.109982
0.0994782
0.765307
0.121162
0.141003
0.142118
0.693681
0.176967
0.189905
0.176098
0.88365
0.573382
0.797466
0.431661
0.419356
0.757325
0.388954
0.346433
0.276434
0.218787
0.595014
0.849732
0.289249
0.296944
0.45021
0.314791
0.297958
0.431637
0.789244
0.69101
0.65901
0.541579
0.747775
0.36657
0.767533
0.389579
0.732585
0.449585
0.291969
0.438384
0.360084
0.42054
0.295366
0.275872
0.235912
0.864262
0.460989
0.335498
0.174575
0.527753
0.681985
0.595625
0.154816
0.842558
0.539395
0.327096
0.242838
0.415545
0.337531
0.303991
0.319496
0.828984
0.169846
0.749393
0.537193
0.468708
0.336257
0.276169
0.850812
0.289813
0.284016
0.225938
0.828307
0.0689493
0.719436
0.156112
0.516513
0.307843
0.863196
0.0305642
0.399452
0.260053
0.388309
0.214581
0.194243
0.189205
0.894339
0.182901
0.194249
0.379636
0.862391
0.809997
0.424718
0.0411209
0.39166
0.116761
0.311584
0.281659
0.231598
0.183394
0.165556
0.911006
0.375343
0.206214
0.217929
0.873073
0.169091
0.0825494
0.0110387
0.346325
0.305429
0.0888946
0.253711
0.224335
0.887551
0.872222
0.261454
0.26627
0.841346
0.80413
0.399032
0.407485
0.783391
0.0184704
0.403599
0.34043
0.81929
0.126958
0.0674947
0.731634
0.116092
0.553183
0.760579
0.560517
0.34902
0.845856
0.207512
0.203514
0.872711
0.848808
0.284895
0.780415
0.386791
0.711311
0.602491
0.353656
1.00361
0.368188
0.360199
0.178492
1.0579
0.00971723
0.605644
0.529688
0.73863
0.489927
0.617519
0.444087
0.740066
0.710337
0.209684
0.5826
0.458002
0.304234
0.451613
0.403869
0.308489
0.75234
0.365715
0.385047
0.243089
0.743175
0.0864338
0.550303
0.696266
0.592457
0.708906
0.692388
0.503099
0.118902
0.397643
0.693442
0.118573
0.524744
0.688137
0.448223
0.0550247
0.295396
0.793511
0.0523822
0.535137
0.629819
0.363035
0.342421
0.72361
0.601496
0.694044
0.44545
0.268152
0.334031
0.756524
0.687058
0.0893317
0.664044
0.536679
0.0719141
0.546463
0.535755
0.0805567
0.552677
0.505213
0.384412
0.0609185
0.111331
0.810765
0.193867
0.322019
0.360007
0.380894
0.200775
0.167966
0.416085
0.30817
0.33761
0.213663
0.130357
0.773538
0.400516
0.368657
0.285728
0.15901
0.857921
0.196636
0.793289
0.680657
0.474108
0.451615
0.329029
0.231905
0.145803
0.130286
0.175814
0.785719
0.377285
0.0126635
0.208174
0.18813
0.783172
0.704068
0.354824
0.595561
0.23896
0.171105
0.226542
0.304526
0.839524
0.0949294
0.205224
0.337012
0.28299
0.223913
0.853182
0.20914
0.822582
0.0572818
0.325655
0.726433
0.609078
0.319338
0.355097
0.317512
0.19379
0.912846
0.513102
0.380653
0.288698
0.407425
0.144654
0.473252
0.608783
0.387845
0.302656
0.180095
0.796941
0.73796
0.322161
0.302406
0.28001
0.287728
0.256658
0.254287
0.171654
0.770582
0.23387
0.281902
0.24283
0.236639
0.162065
0.267286
0.237238
0.166781
0.786325
0.229458
0.201934
0.223573
0.186395
0.119001
0.0258275
0.240071
0.0294778
0.20766
0.771865
0.676766
0.166714
0.465405
0.356289
0.301133
0.69698
0.2165
0.571569
0.349415
0.343463
0.184929
0.263834
0.482094
0.265659
0.0471953
0.167387
0.104775
0.466577
0.281621
0.110072
0.612713
0.470638
0.406469
0.263158
0.217576
0.169618
0.0783063
0.479938
0.527544
0.329379
0.107957
0.111299
0.499878
0.197494
0.145785
0.410885
0.121691
0.0808316
0.122022
0.397341
0.11598
0.0877668
0.284702
0.492602
0.142151
0.644826
0.208987
0.0703901
0.259971
0.244539
0.320011
0.066594
0.0582346
0.60738
0.173414
0.140522
0.191718
0.128909
0.0572358
0.200633
0.182745
0.685125
0.0518572
0.358279
0.496989
0.379614
0.361745
0.278342
0.220665
0.084902
0.416416
0.3007
0.214242
0.15926
0.115549
0.0992606
0.362531
0.106456
0.12594
0.0918022
0.118316
0.00147724
0.129938
0.645766
0.193332
0.110272
0.268893
0.28043
0.00734211
0.0137339
0.0739147
0.334559
0.237374
0.156356
0.156625
0.413064
0.272829
0.0199843
0.0391402
0.000596538
0.00630353
0.0495836
0.00448214
0.00693336
0.0186589
0.298764
0.123448
0.246376
0.0924507
0.212213
0.201477
0.300848
0.219908
0.251437
0.101829
0.228672
0.155092
0.207784
0.184357
0.155646
0.13214
0.360161
0.061171
0.247294
0.321944
0.235101
0.212199
0.142543
0.148879
0.0978813
0.314723
0.218497
0.237191
0.205596
0.076615
0.168605
0.154152
0.0696381
0.133585
0.167496
0.234638
0.154825
0.0222277
0.00839101
0.110179
0.156524
0.186891
0.189937
0.14027
0.00790765
0.0214429
0.143349
0.187709
0.159662
0.143821
0.135221
0.0505901
0.00783139
0.0183796
0.127669
0.00998551
0.319973
0.188272
0.181889
0.100399
0.000922873
0.159225
0.036914
0.160656
0.170572
0.00440585
0.000382129
0.161917
0.0180956
0.0221702
0.0175893
0.159634
0.147569
0.0820661
0.0154889
0.151811
0.143959
0.129591
0.0733339
0.123772
0.120933
0.113023
0.104043
0.0957754
0.141062
0.171349
0.109641
0.127485
0.0131491
0.000776321
0.0677641
0.15921
0.00596081
0.00370301
0.151419
0.0102004
0.0535897
0.00381493
0.12663
0.121813
0.0191315
0.0132446
0.114805
0.0319237
0.0165849
0.00138187
0.112611
0.0292858
0.00724653
0.148816
0.0125037
0.0449791
0.142025
0.015788
0.010957
0.109522
0.00538976
0.0485483
0.138859
0.134023
0.103694
0.0966532
0.0900211
0.0631129
0.0851565
0.168169
0.111115
0.122515
0.156912
0.14326
0.125909
0.093397
0.0653969
0.0328469
0.00416876
0.102881
0.108692
0.135412
0.111207
0.022323
0.0973318
0.107717
0.0844394
0.0793217
0.0335481
0.0747153
0.0729763
0.0149298
0.0702744
0.0845948
0.0666566
0.0645239
0.0624885
0.283805
0.0151626
0.0272712
0.138087
0.274704
0.085982
0.156501
0.105526
0.0822942
0.109817
0.10429
0.0970032
0.0898637
0.118853
0.120652
0.112361
0.0216098
0.0169265
0.105175
0.0864745
0.0766043
0.130731
0.0857742
0.112784
0.0370844
0.113479
0.0162138
0.0913446
0.0204408
0.013549
0.0142656
0.10101
0.0838593
0.0945088
0.0297442
0.0610508
0.0861105
0.0306362
0.00473462
0.00188287
0.00174969
0.0274268
0.00377625
0.085902
0.00679144
0.0015849
0.00212301
0.00103373
0.00017223
0.0157051
0.0830951
0.00036194
0.0813628
0.0789058
0.0932806
0.023853
0.01327
0.0702292
0.100973
0.103466
0.0128294
0.0233204
0.00806895
0.0782041
0.0169797
0.032882
0.000314587
0.0826527
0.096851
0.0787555
0.0191393
0.00607047
0.0924381
0.0209571
0.00300776
0.0777835
0.0892462
0.0300771
0.0109556
0.0125872
0.0778883
0.0880027
0.0727259
0.0809139
0.0775923
0.0194429
0.0821715
0.000111895
0.0693465
0.0856956
0.0164031
0.0657007
0.113846
0.0775043
0.0975603
0.0831326
0.00779358
0.059473
0.0842473
0.0747765
0.0736819
0.0714824
0.0798458
0.0766113
0.0731472
0.0922807
0.0337109
0.00713329
0.0107253
0.0127688
0.0870106
0.107505
0.0775192
0.0603216
0.0630168
0.0596444
0.0513086
0.0555084
0.237093
0.0750944
0.0915337
0.111961
0.0967257
0.208874
0.0721704
0.0401203
0.00240424
0.0517502
0.235975
0.0888774
0.107086
0.194574
0.0736426
0.068444
0.0291224
0.0571993
0.00985847
0.235341
0.0753654
0.159661
0.0762098
0.0191252
0.0740501
0.0467648
0.00535625
0.0232891
0.0773009
0.00624195
0.0730547
0.0654347
0.0635103
0.0179875
0.0701402
0.00509536
0.0812789
0.0814175
0.0736857
0.0713671
0.0686664
0.0203921
0.00531784
0.0725752
0.0103134
0.0021913
0.0725873
0.00708678
0.00407346
0.0709054
0.069335
0.00531761
0.00383533
0.000571912
0.0396317
0.00744653
0.0727179
0.00705376
0.00113326
0.0685307
0.00638002
0.00597153
0.00499032
0.0118148
0.0695648
0.00339803
0.000882287
0.0680164
0.0144229
0.000644993
0.00459873
0.00228391
0.0675142
0.0122236
0.0666852
0.00652165
0.000525054
0.00310332
0.00118546
0.00120105
0.000947702
0.000320458
0.00907867
0.00184657
0.066337
0.065032
0.00582808
0.0625324
0.00563671
0.0630973
0.00416115
0.0558948
0.0659486
0.0681567
0.0711147
0.000270399
0.00251653
0.00198709
0.0245626
0.062879
0.00659781
0.05942
0.0580371
0.0602047
0.0586705
0.0891126
0.0147316
0.0481917
0.00915073
0.0609095
0.0287429
0.0615743
0.00374762
0.00781184
0.00176729
0.0609296
0.0026047
0.0593099
0.00398898
0.0577555
0.056707
0.0478545
0.0600091
0.0614706
0.0288823
0.0102475
0.0202828
0.0581704
0.000978296
0.00128536
0.00124339
0.000475439
0.000808091
0.0580231
0.0658239
0.00589053
0.00406755
0.0261371
0.06678
0.00407487
0.0150671
0.00184438
0.0569523
0.0173669
0.0650523
0.00033398
0.00983395
0.0574605
0.00335185
0.0642331
0.0557939
0.054622
0.00900557
0.053035
0.00472701
0.00154362
0.0596458
0.061189
0.0116951
0.0334416
0.0647016
0.00181148
0.0606061
0.00585839
0.0503377
0.00313514
0.0669809
0.0670963
0.0598588
0.029929
0.0601403
0.0398155
0.0552644
0.0167892
0.0570711
0.0624876
0.00436678
0.0610014
0.0548762
0.0063726
0.0583243
0.0527175
0.0408937
0.0604054
0.0567716
0.0615119
0.0174735
0.0578962
0.0520004
0.0226608
0.0461432
0.0596995
0.0614998
0.00550023
0.0014679
0.0608155
0.0284732
0.0111078
0.00649332
0.0519383
0.0535426
0.0502835
0.0670634
0.0556899
0.0614934
0.0590656
0.0584625
0.0607227
0.0559942
0.0579649
0.0164891
0.00833841
0.00430533
0.0553816
0.0546068
0.0206805
0.00478996
0.0540218
0.0127355
0.00336013
0.00714969
0.00246592
0.00396664
0.0527991
0.00611739
0.0522617
0.00503269
0.0041079
0.00156497
0.0043307
0.0521074
0.0546781
0.053616
0.00656527
0.0327222
0.0553243
0.00199013
0.054123
0.0563054
0.0178145
0.0506928
0.0490608
0.0477417
0.0466132
0.0623786
0.0137744
0.0152778
0.00441521
0.00393544
0.0550363
0.0124717
0.00157302
0.0393382
0.0513051
0.0525429
0.0029696
0.0567406
0.0034205
0.0029667
0.0209715
0.0022027
0.0194306
0.0538835
0.0539414
0.00171183
0.0529727
0.0521563
0.0185002
0.0010804
0.0507974
0.0529224
0.0521711
0.00578226
0.049406
0.0489559
0.0503047
0.047438
0.025545
0.0491559
0.0040572
0.0488538
0.043358
0.00875743
0.052411
0.0546767
0.00117019
0.0539315
0.0531005
0.0250873
0.012771
0.0283373
0.0493927
0.0500005
0.0497303
0.0505623
0.0482888
0.0116769
0.0480806
0.0497779
0.0474395
0.010976
0.0149505
0.00727998
0.00147963
0.0476882
0.0102825
0.00115129
0.00449266
0.0500348
0.0056153
0.0474675
0.00409788
0.00488279
0.0497618
0.00172155
0.0473254
0.0489305
0.0136039
0.0491444
0.0055616
0.0475528
0.047181
0.048464
0.0458392
0.0450672
0.0291404
0.0488045
0.0495315
0.0493327
0.014764
0.00663531
0.00862695
0.0460223
0.0197397
0.00713892
0.0487274
0.0469704
0.0480243
0.00970407
0.000781312
0.00469907
0.00128072
0.0476681
0.0470441
0.0453096
0.00013418
0.0277263
0.00707323
0.0471916
0.000588909
0.0468633
0.00987473
0.004719
0.0462386
0.0442242
0.0435747
0.0428785
0.0421783
0.0433513
0.0142401
0.0410275
0.0646927
0.048541
0.0567373
0.0022215
0.00159336
0.0420512
0.0550628
0.00213663
0.00346214
0.049001
0.000668956
0.00147167
0.000893261
0.0689911
0.0191279
0.00891859
0.0414086
0.0545077
0.0480398
0.0501149
0.00639587
0.00177319
0.0505411
0.0499066
0.0473228
0.0482172
0.0153888
0.0289314
0.0447431
0.00673761
0.0414295
0.0539436
0.0465059
0.0484829
0.048962
0.0486517
0.0475819
0.00126433
0.0380919
0.0430385
0.041491
0.0398322
0.0389659
0.0382734
0.0205296
0.0379317
0.00249593
0.0378173
0.100618
0.0157939
0.0503548
0.122719
0.0418114
0.0911733
0.0439522
0.0464717
0.0469423
0.0421248
0.0414664
0.0401723
0.0392479
0.0774299
0.0446516
0.0154549
0.00376165
0.0510225
0.0510101
0.00630526
0.0497122
0.0491652
0.0481657
0.0724328
0.0245271
0.0398133
0.0524458
0.0117732
0.043903
0.0440599
0.0308288
0.0238027
0.0403235
0.00418714
0.0395205
0.0391434
0.0386815
0.0381882
0.0698909
0.044602
0.0101274
0.0484517
0.000117399
0.0484677
0.0479254
0.0772513
0.040175
0.0794001
0.0414477
0.0436283
0.0491955
0.021836
0.0394301
0.0050942
0.0567125
0.0428035
0.0137998
0.0608399
0.0412471
0.0382373
0.0714956
0.00854566
0.0447736
0.0467704
0.0461717
0.0467045
0.0453265
0.0454822
0.00566128
0.0032251
0.04454
0.0436044
0.0430777
0.0424421
0.0253549
0.039402
0.0389467
0.0371304
0.0374118
0.0368641
0.0208439
0.0359082
0.0366378
0.0788647
0.00986941
0.044895
0.04612
0.100754
0.0381254
0.015425
0.0341707
0.137824
0.0421721
0.118351
0.0107788
0.0372508
0.0368051
0.0117557
0.00593744
0.000996918
0.100255
0.0310926
0.019804
0.0456053
0.0675255
0.0168109
0.0381957
0.0165099
0.00671577
0.00272747
0.00560217
0.0597719
0.0408919
0.0104784
0.043866
0.0438694
0.0434668
0.0670825
0.0156258
0.0352957
0.0853197
0.0397903
0.00807014
0.00482148
0.0934256
0.037378
0.0753046
0.0378207
0.0422109
0.0374068
0.0377446
0.0386371
0.023335
0.0471512
0.00373425
0.00747854
0.0536772
0.00298489
0.0384565
0.00643688
0.036926
0.00221615
0.000326785
0.000839782
0.0761757
0.0422374
0.0124651
0.0441784
0.046759
0.0464074
0.00653977
0.0436678
0.00384942
0.0452156
0.0428307
0.0422854
0.00464497
0.0435926
0.0431315
0.0406975
0.040164
0.0361044
0.038373
0.0366539
0.0355971
0.0213393
0.0337716
0.0020243
0.0350133
0.00360079
0.0822747
0.0393606
0.0736848
0.0381764
0.0359763
9.60442e-005
0.00143572
0.0354448
0.071657
0.019281
0.00730522
0.00324433
0.0423579
0.0420564
0.00726177
0.041501
0.0411314
0.039431
0.0311524
0.0375059
0.0350751
0.015235
0.00604943
0.00265572
0.035222
0.00560458
0.00199869
0.00116353
0.0667482
0.00502479
0.0421768
0.0431907
0.0424701
0.0835751
0.0358197
0.0155127
0.0317702
0.0311157
0.0306572
0.031114
0.00470089
0.00188417
0.141701
0.0429294
0.0436916
0.0939008
0.0132498
0.0108471
0.0334179
0.032649
0.00668106
0.0946014
0.00799507
0.0422269
0.0453004
0.0457424
0.00328883
0.117696
0.035189
0.0209588
0.0306782
0.152743
0.0134788
0.0451008
0.0493321
0.0107673
0.182515
0.0187679
0.0163178
0.171847
0.0197249
0.0314206
0.0464738
0.130975
0.0361886
0.0324932
0.0259689
0.147878
0.0398857
0.108053
0.0399787
0.0146703
0.0351368
0.0343895
0.0337193
0.0109837
0.0331264
0.033087
0.0327772
0.0886457
0.0180517
0.0405571
0.00896628
0.0413723
0.00123823
0.0658271
0.0094892
0.049612
0.000123967
0.0123696
0.0381778
0.00274728
0.00219275
0.000348851
0.0365624
0.0112692
0.0374548
0.0370681
0.00274219
0.036615
0.00561321
0.0364449
0.0014297
0.0371668
0.00180078
0.000594422
0.000725545
0.000510792
0.0099219
0.036481
0.000744597
0.036318
0.00600538
0.000295737
0.00180748
0.000727815
0.00497673
0.00132396
0.0370774
0.00168378
0.0366373
0.0355652
0.00262233
0.0190084
0.00111136
0.0140798
0.0363781
0.0367099
0.036214
0.00448022
0.0210524
0.0370577
0.0375478
0.0375321
0.0128951
0.0359161
0.014328
0.00369862
0.0041271
0.0362067
0.0359357
0.0361098
0.0352412
0.0354234
0.0197213
0.00195712
0.00470969
0.0150632
0.0361723
0.0355
0.0031596
0.0345039
0.0267923
0.0362776
0.0167279
0.0360877
0.0352899
0.00339154
0.0348178
0.0211371
0.0358658
0.0121451
0.0357146
0.00240134
0.0350509
0.0131498
0.000863875
0.0358953
0.00725138
0.0353066
0.0349526
0.0139036
0.0352129
0.00491352
0.00771476
0.035163
0.00671408
0.00170101
0.0352289
0.00274591
0.0349017
0.0345785
0.00457236
0.0109222
0.0348522
0.00551288
0.0355273
0.00418016
0.00150016
0.00167831
0.00121156
0.000506381
0.0352945
0.00228761
0.00439565
0.035292
0.0352142
0.0345306
0.034257
0.00970666
0.034412
0.0350847
0.00617903
0.0344248
0.0349096
0.0340515
0.00816581
0.0341459
0.00161508
0.00375191
0.0348727
0.0346909
0.0343952
0.0335253
0.00433437
0.016047
0.0342207
0.010182
0.0340387
0.0342963
0.0112057
0.0344779
0.00297899
0.000876321
0.0337047
0.00426142
0.0334358
0.0332426
0.0329684
0.0335219
0.00431395
0.0323422
0.0321587
0.00210095
0.0318289
0.00103514
0.000383647
0.0346107
0.00839967
0.0343554
0.0226026
0.0330213
0.0321556
0.00124771
0.0326988
0.0324129
0.0308438
0.0305893
0.0316231
0.0313565
0.0298791
0.0095796
0.0297288
0.00128491
0.0658654
0.0337686
0.0115619
0.0732462
0.00492087
0.0317331
0.0672961
0.00205807
0.0349779
0.0358372
0.00357617
0.0379942
0.0652778
0.00860633
0.00633052
0.0304609
0.0286547
0.0296187
0.0280841
0.000645384
0.0289857
0.106513
0.00918574
0.0394043
0.0411426
0.00464648
0.0402168
0.0416487
0.00550066
0.0396145
0.00305692
0.000924862
0.000772899
0.0391677
0.0388506
0.040261
0.0379605
0.104459
0.0319679
0.0884709
0.00978395
0.0353513
0.036622
0.0109785
0.0375103
0.0374868
0.0360055
0.0357073
0.0353329
0.00402903
0.0598823
0.0066425
0.0498829
0.0315559
0.033934
0.034308
0.00381656
0.000878009
0.0341251
0.032746
0.0336513
0.0322463
0.0330707
0.00942633
0.0328154
0.00279374
0.00203343
0.000218194
0.000226735
0.00183742
0.000447852
0.00103543
0.000497739
0.032486
0.0314534
0.0312359
0.0318877
0.00456715
0.0307267
0.0173354
0.000462317
0.0130881
0.0019716
0.000438398
0.010018
0.000500209
0.0316786
2.78855e-006
0.0327001
0.0315122
0.00164878
0.00310713
0.00333781
0.000125444
0.00180475
0.000736607
0.0322915
0.0310934
0.00594388
0.00176873
0.00297514
0.000822671
0.0311058
0.0309089
0.0076079
0.000197554
0.0311703
0.00375847
0.0308388
0.00520091
0.00373839
0.0017117
4.15794e-005
0.000428706
0.000801193
0.000376529
0.00102995
0.000122054
0.000545998
0.0322645
0.00223991
0.0307975
0.0320617
0.0318595
0.00444728
0.031567
0.00148995
0.00020292
0.0131569
0.00225105
0.0313767
0.0325956
0.000771719
0.000873288
0.0110927
0.0316945
0.0311885
0.0307897
0.0295975
0.00597118
0.0301874
0.0318332
0.00701979
0.0316589
0.0317742
0.0326512
0.0324623
0.000151979
0.0133588
0.0311537
0.0305619
0.0301308
0.0297837
0.007804
0.0335399
0.00259344
0.00364284
0.032548
0.0331504
0.0404522
0.0299735
0.00927829
0.0498267
0.0314584
0.0328025
0.00679765
0.0490567
0.0088142
0.00676017
0.00334952
0.0391955
0.0314608
0.0322433
0.0388484
0.0046351
0.00439905
0.0291975
0.00173663
0.0318079
0.0317288
0.0317062
0.0315369
0.031766
0.031525
0.0152065
0.0298324
0.0105131
0.0294901
0.0015016
0.0289487
0.028813
0.00111902
0.0365255
0.030615
0.0296931
0.00325502
0.0294203
0.0294628
0.00226531
0.0289538
0.00146722
0.00051664
0.0403592
0.0311057
0.0317531
0.0321895
0.00552888
0.0321452
0.00141849
0.0325851
0.0422356
0.011275
0.0290915
0.0281633
0.0106469
0.003851
0.0285758
0.0418545
0.00995673
0.0353232
0.0304622
0.00299317
0.00260256
0.000609891
0.000807558
0.000958934
0.000372747
0.0288312
0.0318805
0.0305363
0.00231416
0.00106587
0.0382116
0.0296316
0.0282458
0.0454855
0.0301262
0.0046264
0.0316842
0.0318707
0.0318022
0.0316076
0.00168893
0.0312646
0.031682
0.00232906
0.00116804
0.0308901
0.00199054
0.0281617
0.00212874
0.000864499
0.00036542
0.0273017
0.0271776
0.0270187
0.0553411
0.0307039
0.0314721
0.0321317
0.033272
0.00420775
0.0330806
0.0319666
0.0600263
0.0101724
0.00636814
0.0708033
0.0297198
0.0316179
0.0665057
0.0288842
0.0271532
0.0652132
0.0304829
0.0310203
0.0568346
0.0297886
0.0272386
0.0264395
0.00121473
0.0257041
0.025495
0.0795394
0.0308804
0.0674807
0.0290654
0.0276316
0.0391022
0.00180242
0.00188752
0.0311996
0.0312534
0.0304264
0.029234
0.0067405
0.0382422
0.00521826
0.030656
0.00487329
0.0283106
0.00244742
0.00284399
0.0304637
0.00389591
0.0293698
0.00440051
0.00144429
0.0230768
0.00441123
0.0189191
0.00057216
0.028803
0.0299985
0.000784408
0.0298769
0.0297173
0.0295063
0.0284029
0.00275744
0.0282726
0.00552312
0.00134514
0.0293029
0.000398284
0.0283487
0.000137089
0.0291049
0.000934043
0.000618167
0.00610041
0.0292455
0.000668722
0.0293077
0.0291872
0.0283122
0.0288315
0.0286267
0.00830825
0.0048942
0.0290625
0.000243291
0.0290979
0.000284675
0.0289184
0.00224734
0.0285606
0.00518356
0.00043995
0.0283818
0.0283331
0.000666237
0.0284595
0.00347704
0.0047845
